-6.078749760969366E-03  6.440972971387628E-03   8.806393981804380E-05   -7.307311063335453E-06  -5.056308815628042E-06  2.185090347875162E-07
3.288279159886733E-01   -2.037882981281509E-01  -4.781240913680274E-02  9.425053187620259E-03   2.511489739410318E-02   1.187663054127192E-03
-1.422059356274905E-01  7.123193321124441E-01   1.763019197148374E-02   -1.993641762969933E-02  -3.947238737219898E-03  1.096152699246384E-03
9.384887914865430E-01   3.287443922398884E-01   6.814334483445949E-05   -5.838932265148174E-03  1.621801974258600E-02   -8.941937828987524E-07
1.326303661050539E+00   4.809144848646941E-01   -2.265409473869300E-02  -4.165979651049516E-03  1.437261484314232E-02   4.035388492783194E-04
2.530840380497989E+00   -4.445040606335634E+00  -3.818268380262226E-02  6.464708585362312E-03   4.091363589634699E-03   -1.616067357355384E-04
5.126132044227459E+00   -8.575118300880577E+00  -5.497602405266385E-02  4.478397288622445E-03   2.848518231807554E-03   -2.280908909421355E-04
1.554469319510848E+01   1.223364479160990E+01   -1.559472017214337E-01  -2.461200051501666E-03  2.907464706861709E-03    4.273752535756621E-05
2.941007139125117E+01   -5.477497780199493E+00  -5.649863073701873E-01  5.541220965615585E-04   3.105139503160872E-03   -7.644415651701512E-05
1.381590704436753E+01   -3.120158662565416E+01  -6.576293367107305E-01  2.939536114508748E-03   5.888646395918426E-04   -9.246631206872201E-04
